0 0.38400412186675 10.70490281390399 6.61071306326187
1 1.33989195458703 -9.37443659391862 5.48389496640366
2 -0.14087998011578 12.48737505027643 -3.32433629168897
4 7.32407204548234 -0.34967190707394 7.93023872177486
5 -4.1150830008576 -0.69247974285859 10.70659116834038
6 5.82169089349758 -3.32340217925955 -11.52990769953238
7 -4.11121092071073 2.20937291605263 -8.55830579052859
8 7.66869861904647 6.51086021693704 -0.39042606071813
9 -13.29323110241969 3.70291884374018 -3.9929097676825
10 9.41360529349415 -8.03396720497366 0.60847980128676
11 -10.32849156783578 -6.81026942832679 0.26892938541995
12 -0.09665106037775 12.52243703296334 -3.29902579369676
14 -3.8471257026992 8.54970942469452 8.96833591972171
15 7.56488499749761 10.79080322586527 1.61641583686659
16 -6.00333907183053 9.96626119935196 3.14918312419429
17 1.00908922040102 -10.90477715247218 -0.22518819363439
18 5.85733913899381 -2.33657684328779 8.72230028741255
19 -5.13255571258559 -6.05599864622599 5.07233389352734
20 5.26637769421746 -9.28923981599829 3.42269298236811
21 -4.61622224188839 -11.15272815842918 1.03796399088085
22 1.32662939803098 6.57974225727216 -6.11740526947963
23 -4.01200905094961 4.91202071637604 -9.59265252196347
24 5.42478916177624 6.22418510727231 -7.04620332131912
25 -7.86782252297496 9.85411001571429 -2.75770487495372
28 4.90155719126159 -10.86251114175149 1.49887745990138
30 -2.39816591302597 0.04600616390047 13.01332859084844
31 9.37046053999524 3.48224126869019 4.59571399599985
33 -8.94546170419359 2.32042573917582 5.13489050876889
34 -11.05469164066443 -4.48784681032456 2.48391030494059
35 -2.63058359767274 -2.41258257726503 -9.11434368355605
36 9.464877838827 2.58361471482632 -7.2340690495477
37 10.67466866307476 -4.20691751493429 -7.20220978472051
38 -12.24719885430796 -0.45524553207388 -5.55833838650739
40 11.84218591237282 0.46619005376909 -1.26288692870383
41 -11.83136080989875 -0.09793559283769 -1.77821230324177
42 -1.42507326899398 12.73509943307979 4.16101556122132
45 7.25632999798978 11.11918569450828 1.15007064049195
49 -0.27194784389302 -4.08073443961483 8.0479762752172
53 0.5361009169305 7.97923864160279 -6.09271054637261
54 -3.10803877792614 8.68600654926238 -6.31070549432713
63 6.05567488267409 -2.20109524849548 8.97647014796201
64 3.17053748886344 -0.40722997303536 10.52795365940872
66 9.17626655796746 -4.99942486144221 8.37510669926574
67 -5.44416213017589 2.75982741850006 11.78385378645564
69 -3.78279300654258 2.43464299750413 13.22938819637924
71 -8.3298932728677 -2.52880545982634 8.95330400729988
72 6.25765379561099 2.03584883675115 -9.64835911889126
76 8.9950945125552 -0.8341048879162 -9.2415132350456
80 -8.8673942683081 3.35991445079365 -7.66546716334006
82 7.62419211312994 10.74590892231698 1.7039263078418
83 7.322140768873 11.10388205723144 1.00774214765982
84 7.66823163520178 6.59213953246992 2.21841608899374
85 7.05231584911966 7.40106021434123 -3.54996297490512
86 9.8557755318807 0.95506521426183 2.58877384361431
87 -7.62617395902453 4.66937006227406 2.60252184814958
88 -11.50338609166447 7.25344467170474 -6.83650928159089
92 9.81011281192692 -6.79382031626181 0.93346858131553
95 11.73539163181656 -6.5063566619066 -4.32587851198673
101 -11.69477744173196 -4.2197123193307 1.46783911438635
105 -2.79615847542216 11.26594129685039 -3.9766073429869
106 -2.23521591812427 6.9875271608393 13.39906248990121
107 5.1013078387532 9.46197104309445 4.36995653254289
109 7.51038193411678 6.35636922511173 6.3924345286692
111 -2.8645317939931 2.30093967371299 13.51146337624035
112 -7.40045188651758 4.68958471414878 10.31188783975947
115 -5.61563997321372 10.82859988447949 -0.87051090251478
121 -0.7744897987886 -5.68399303490663 6.58856862414331
122 7.73243820295947 -6.71255987217786 7.16448510695234
123 2.71549396276945 -2.53010837518026 9.70993071760849
126 -0.85938697623477 -0.98117884541764 11.21016580670427
129 11.95373194026548 -6.29527007167163 6.03133292884294
130 -4.50544628217896 -11.29442891759017 0.49274251579833
132 0.48975121351977 5.70839474372437 -9.16176192922503
135 9.42535770397016 4.14526517940292 -7.08424696967714
139 4.92536986670046 8.7711575837723 -6.51769158785365
146 0.51167589375117 -2.37861411826724 -10.25918917221746
148 11.79043752368252 -6.49088217151368 -4.32579834316229
149 -8.62991795314862 -6.33108412426619 -7.39538859825619
150 7.52653876755801 -0.20530629978352 7.73923968237154
152 11.14733130667301 -3.57367107872242 2.41573430720762
154 -9.84541117824654 1.10769690203194 0.96251882070295
155 -9.85326927423353 -0.77924844317058 1.65900508389929
157 9.98661146023075 2.00402065743298 -3.21305608876166
158 13.09422649779966 -3.04576945424787 -3.06774245391331
164 -1.19173615616562 8.70124094715445 -5.90228274120898
167 -9.17656477971602 -0.65798817740298 10.19800536106867
169 -4.40154345940549 1.36983645664562 -7.96262294503364
170 8.33762250353972 5.14145079459033 0.68612818046654
178 -6.01422415824657 9.39148177918967 0.51343036082124
180 4.36776154731386 -7.90339666660426 7.02066882597456
186 4.86382575713119 8.85114187151486 -6.42595971148278
196 -8.85794928734787 -2.91402514617534 7.71269308181721
201 -11.47973758062604 -5.26641143323111 -2.43778868259026
202 11.9480408806655 0.32951980484289 -1.07204271699961
204 -0.08166978746633 11.34624398289321 1.61292213180017
207 3.0334405168883 11.50932265592762 1.55672656841839
208 -4.32715303284396 11.16285512774277 2.60050948256993
210 4.57833013742714 -8.62164950827249 6.80499429775577
231 -3.69790193356554 2.39318004622957 13.22879531378388
239 -8.26889063743619 3.71056543033093 -7.78783723712191
242 -8.03312020173991 4.51610813565568 -7.39734354611158
250 -9.52525597093439 7.65974412494065 -1.65296845810283
262 -11.23832907699811 -4.91708524819035 -4.19853263162964
268 -4.3957703651132 8.509258369469 9.05463841675524
274 -6.57042648639848 7.75017107472567 7.85981613522889
278 -6.75214614626653 9.19195084341826 3.42173361436788
281 4.92842325252191 -11.41417203633757 -2.76204523890549
287 -3.75935877094138 -6.3717981614565 6.67307725134643
293 -6.56643190207132 -5.0512463146877 6.69084989890535
294 -2.50464915822104 2.84802584779345 -10.07599239382961
299 -2.58248239113321 2.80006719364153 -10.04214523473982
301 6.33429608580428 6.53858519104759 -6.85338329890397
316 -7.75312963207858 2.46250054959758 2.4293210138964
317 -9.08021561514446 -1.18334958219225 2.53103366597839
318 10.06581145337983 1.45079372434279 -4.00275699557478
326 -2.15079300721169 8.70803282260988 -5.86682581803359
341 0.49156695975562 -11.06850700910053 -0.24502958605268
345 -4.14564877330024 -8.53544359973099 3.28998409543776
349 -8.0282698735613 8.91930188115019 -2.01705711057635
365 -10.1113140564216 0.32993002119412 0.90978713066663
369 4.1874364447985 9.42482198325939 5.3495666314904
372 3.04450541220827 -6.79311483217209 7.85825630720599
405 -9.14565637853686 -1.69540631324744 -6.93114279108183
424 -10.44341911033074 -7.69425090201238 -1.13789856440085
428 3.10578734920088 11.73001801831517 -1.44562751014057
429 -4.21557209427457 12.25082039652537 -1.34902187517193
436 -5.64177095956045 8.41254374088146 8.64560531728529
441 0.28226955969027 -10.83370229558966 -0.72760018359268
444 -5.22557763468579 -11.14176188690296 -1.73893440811484
449 -3.87969651164836 -8.01836118160874 3.78848159358327
458 -0.10808089397135 2.43880557236657 -10.67579286763213
476 11.19656630284588 -3.40215281678308 2.55729055339373
477 -11.9463660184756 -3.86084563379855 -0.63815385687471
